Time(s) acc_x(g) acc_y(g) acc_z(g) gyr_x(°/s) gyr_y(°/s) gyr_z(°/s) mag_x(G) mag_y(G) mag_z(G) SVM(g) yaw(°) pitch(°) roll(°)
0.000;-0.33;0.21;0.74;9.04;-18.02;-23.30;-50.96;-194.58;-378.00;0.84;-133.29;-18.49;-3.96 
0.029;-0.32;0.21;0.70;0.77;-13.43;-24.56;-51.96;-206.08;-380.00;0.80;-132.96;-17.70;-3.95 
0.059;-0.28;0.22;0.72;-12.10;8.42;-29.22;-55.95;-209.91;-376.00;0.80;-132.59;-17.30;-4.29 
0.089;-0.26;0.27;0.96;-9.81;22.68;-27.34;-59.95;-210.87;-370.00;1.03;-131.97;-17.43;-4.91 
0.119;-0.42;0.27;1.23;5.01;14.47;2.09;-66.94;-208.00;-373.00;1.33;-131.72;-17.66;-5.17 
0.148;-0.60;0.34;1.28;24.42;6.54;19.20;-62.95;-202.24;-376.00;1.45;-132.26;-17.76;-4.70 
0.178;-0.74;0.56;1.04;26.16;-13.29;37.01;-53.96;-199.37;-378.00;1.39;-133.18;-17.61;-3.77 
0.209;-0.70;0.46;0.62;-0.28;-32.77;51.62;-43.96;-203.20;-380.00;1.04;-134.95;-16.98;-2.74 
0.239;-0.68;0.16;0.23;-11.27;-42.78;42.02;-44.96;-208.00;-382.00;0.74;-136.93;-16.06;-2.42 
0.269;-0.56;0.00;0.16;-9.32;-5.36;26.92;-43.96;-212.79;-383.00;0.58;-138.39;-15.61;-2.61 
0.300;-0.48;0.19;0.48;-4.94;56.14;26.71;-42.96;-203.20;-381.00;0.70;-139.27;-16.62;-2.74 
0.330;-0.58;0.63;0.80;-15.17;70.75;52.59;-40.97;-188.83;-375.00;1.17;-140.34;-18.77;-2.47 
0.359;-0.74;0.77;0.99;-38.54;35.83;87.03;-38.97;-175.41;-367.00;1.46;-142.38;-20.49;-2.25 
0.389;-0.71;0.51;0.80;-59.41;-0.83;110.47;-38.97;-164.86;-362.00;1.18;-145.72;-21.12;-2.33 
0.419;-0.58;0.20;0.58;-65.88;2.30;120.21;-42.96;-150.49;-358.00;0.84;-150.08;-21.31;-2.74 
0.449;-0.49;0.14;0.47;-65.81;26.30;125.70;-42.96;-139.94;-350.00;0.69;-154.50;-22.00;-3.21 
0.479;-0.46;0.21;0.50;-65.74;46.40;127.03;-40.97;-126.52;-341.00;0.71;-158.94;-23.43;-3.50 
0.510;-0.51;0.35;0.55;-70.54;59.06;135.23;-37.97;-109.27;-331.00;0.83;-163.72;-25.45;-3.48 
0.540;-0.60;0.42;0.65;-78.26;55.65;150.19;-28.98;-81.47;-314.00;0.98;-169.03;-27.62;-3.23 
0.570;-0.66;0.29;0.65;-81.53;48.56;170.16;-20.98;-66.14;-303.00;0.97;-174.95;-29.54;-2.73 
0.600;-0.70;0.20;0.65;-80.42;48.70;184.77;-7.99;-48.88;-295.00;0.98;178.44;-31.31;-1.87 
0.630;-0.75;0.16;0.60;-82.64;44.45;192.42;1.00;-40.26;-288.00;0.97;171.13;-33.02;-0.64 
0.660;-0.78;0.08;0.51;-87.93;47.72;194.02;38.97;-7.67;-272.00;0.94;163.76;-34.48;0.76 
0.690;-0.77;0.14;0.46;-93.70;65.95;188.45;59.95;5.75;-262.00;0.91;156.07;-36.17;2.03 
0.721;-0.74;0.25;0.46;-103.79;77.22;189.84;79.93;22.05;-248.00;0.91;148.02;-38.18;3.59 
0.751;-0.91;0.18;0.40;-104.83;67.97;197.08;105.91;27.80;-233.00;1.01;139.46;-39.98;5.47 
0.781;-0.90;0.10;0.42;-103.23;66.23;171.90;141.88;41.22;-219.00;1.00;131.47;-41.30;7.44 
0.812;-0.58;-0.03;0.48;-117.84;121.18;128.00;164.86;48.88;-208.00;0.75;123.92;-43.15;8.75 
0.842;-0.62;0.16;0.82;-114.50;141.36;80.28;171.86;56.55;-186.00;1.04;117.14;-46.42;9.12 
0.872;-0.74;0.42;0.94;-99.90;73.88;94.68;178.85;69.01;-164.00;1.27;111.68;-48.79;9.62 
0.902;-0.71;0.34;0.65;-87.72;24.77;135.79;198.83;70.93;-156.00;1.02;106.71;-48.94;11.34 
0.933;-0.57;0.19;0.33;-88.07;36.10;146.37;227.81;68.05;-156.00;0.69;101.20;-48.00;13.94 
0.962;-0.50;0.03;0.25;-93.63;67.34;134.26;247.79;65.18;-150.00;0.56;95.67;-47.64;16.20 
0.992;-0.51;0.02;0.32;-88.35;74.30;120.56;268.78;61.34;-145.00;0.60;90.60;-47.75;18.02 
1.023;-0.53;0.09;0.30;-90.92;65.95;114.16;297.75;55.59;-133.00;0.62;85.67;-47.66;19.87 
1.053;-0.56;0.07;0.23;-92.59;61.98;105.46;316.74;50.80;-132.00;0.61;81.15;-47.31;21.58 
1.083;-0.56;-0.04;0.35;-90.71;67.97;99.13;329.73;46.01;-126.00;0.66;77.25;-46.94;22.96 
1.113;-0.62;-0.21;0.53;-87.72;70.12;84.52;341.72;43.13;-125.00;0.84;73.81;-46.62;24.04 
1.143;-0.71;-0.08;0.62;-81.32;61.36;57.88;353.71;40.26;-115.00;0.95;71.05;-46.50;24.70 
1.173;-0.77;0.15;0.65;-83.55;53.70;47.10;359.70;39.30;-113.00;1.02;68.96;-46.44;25.05 
1.203;-0.82;0.18;0.66;-83.97;50.16;41.04;364.70;39.30;-112.00;1.07;67.05;-46.30;25.29 
1.234;-0.90;0.13;0.98;-72.42;41.11;28.94;367.69;37.38;-107.00;1.34;65.45;-46.18;25.35 
1.264;-0.99;0.03;1.15;-62.19;-13.57;41.95;370.69;41.22;-102.00;1.52;63.99;-45.34;25.56 
1.294;-0.81;-0.25;0.70;-45.43;-70.40;41.18;377.69;39.30;-105.00;1.10;62.47;-43.02;26.01 
1.324;-0.66;-0.07;0.50;-25.88;-11.34;-1.32;374.69;37.38;-104.00;0.83;61.71;-41.22;26.22 
1.354;-0.89;0.14;1.02;-27.48;6.68;-6.12;374.69;40.26;-97.00;1.36;61.47;-41.16;26.08 
1.383;-0.99;0.18;0.96;-27.41;-34.50;-5.01;369.69;40.26;-101.00;1.39;61.14;-40.31;26.16 
1.412;-0.90;0.29;0.72;-29.63;-61.08;-2.92;367.69;42.17;-111.00;1.19;60.96;-38.84;26.15 
1.441;-0.69;0.31;0.57;-35.13;-61.84;11.48;366.70;36.42;-121.00;0.95;60.62;-36.80;26.30 
1.470;-0.75;0.08;0.73;-39.17;-62.96;12.45;360.70;33.55;-135.00;1.05;59.98;-34.68;26.49 
1.499;-0.78;0.00;0.66;-40.83;-85.50;11.69;363.70;30.67;-145.00;1.02;59.69;-32.43;26.28 
1.529;-0.65;-0.08;0.58;-34.02;-56.35;-0.56;361.70;23.00;-164.00;0.87;59.45;-30.09;26.14 
1.559;-0.63;-0.08;0.78;-24.42;-61.63;-4.31;356.70;14.38;-179.00;1.01;59.52;-28.28;25.90 
1.589;-0.71;-0.02;0.78;-10.71;-77.63;-11.13;356.70;10.54;-186.00;1.05;59.84;-26.21;25.86 
1.620;-0.66;0.03;0.78;1.46;-72.70;-15.93;352.71;0.00;-202.00;1.02;60.11;-23.76;26.50 
1.650;-0.49;0.08;1.02;10.43;-81.74;-19.20;349.71;-6.71;-210.00;1.13;60.89;-21.57;26.94 
1.680;-0.51;0.15;1.06;13.08;-100.38;-18.99;348.71;-20.13;-223.00;1.19;61.80;-18.99;27.62 
1.709;-0.42;0.30;0.98;14.33;-101.50;-19.97;347.71;-32.59;-234.00;1.11;62.93;-16.23;28.39 
1.739;-0.24;0.25;0.89;13.29;-102.33;-11.34;347.71;-44.09;-248.00;0.96;64.04;-13.34;29.35 
1.769;-0.25;0.00;0.76;7.79;-97.46;-12.73;350.71;-56.55;-264.00;0.80;65.35;-10.41;30.14 
1.799;-0.30;-0.05;0.82;4.87;-94.89;-18.50;349.71;-74.76;-273.00;0.87;66.87;-7.83;30.62 
1.830;-0.17;0.02;0.79;5.29;-97.39;-34.09;345.71;-93.93;-287.00;0.81;69.00;-5.31;31.03 
1.860;-0.10;0.06;0.81;1.95;-86.05;-40.07;340.72;-107.35;-298.00;0.82;71.62;-3.01;31.51 
1.890;-0.09;-0.04;0.90;2.16;-78.96;-42.16;335.72;-117.90;-306.00;0.91;74.11;-1.12;32.12 
1.921;-0.02;0.02;0.91;2.92;-78.40;-50.78;333.72;-134.19;-319.00;0.91;76.95;0.60;32.51 
1.951;0.00;0.05;0.86;-0.77;-76.87;-56.70;328.73;-139.94;-328.00;0.86;80.22;2.17;33.29 
1.981;0.10;0.10;0.88;-4.59;-72.21;-54.82;321.73;-148.57;-329.00;0.89;83.44;3.50;33.47 
2.011;0.14;0.05;0.93;-1.46;-72.49;-45.15;315.74;-158.15;-341.00;0.94;86.50;4.92;33.66 
2.041;0.16;0.01;0.88;0.56;-77.57;-46.82;312.74;-171.57;-346.00;0.89;89.57;6.46;34.27 
2.070;0.11;-0.02;0.85;5.01;-83.69;-50.78;307.74;-184.99;-350.00;0.86;92.72;8.01;34.54 
2.100;0.13;-0.12;0.82;4.87;-88.90;-61.77;305.75;-196.49;-353.00;0.84;96.14;9.51;34.98 
2.131;0.26;-0.10;0.74;8.21;-91.06;-88.07;303.75;-210.87;-357.00;0.79;100.32;10.93;35.47 
2.161;0.22;0.10;0.74;8.21;-72.90;-99.48;294.76;-225.25;-360.00;0.78;105.15;11.59;36.69 
2.191;0.22;0.41;0.82;10.23;-69.15;-91.06;293.76;-232.92;-364.00;0.94;109.49;11.86;37.72 
2.221;0.33;0.47;0.76;4.66;-75.27;-73.74;290.76;-239.63;-363.00;0.95;113.50;12.33;38.77 
2.250;0.45;0.43;0.73;2.99;-67.13;-58.64;289.76;-249.21;-369.00;0.96;116.90;13.16;39.59 
2.280;0.47;0.34;0.61;5.50;-56.42;-43.90;288.76;-254.96;-372.00;0.84;119.46;14.13;40.27 
2.310;0.49;0.20;0.54;-1.95;-46.05;-44.38;290.76;-268.38;-375.00;0.76;121.53;15.05;40.74 
2.341;0.52;0.30;0.61;-3.27;-26.02;-45.08;286.76;-274.13;-374.00;0.86;123.39;15.61;41.08 
2.371;0.49;0.32;0.78;-2.92;-11.13;-29.91;286.76;-273.17;-379.00;0.98;124.70;15.78;41.35 
2.401;0.57;0.37;0.85;-0.77;-21.63;-22.82;284.76;-275.09;-378.00;1.09;125.57;16.05;41.50 
2.432;0.70;0.25;0.70;-0.70;-20.45;-18.99;282.77;-278.93;-378.00;1.02;126.33;16.76;41.60 
2.462;0.60;0.13;0.66;-1.88;-14.47;-25.67;280.77;-277.01;-380.00;0.90;126.97;17.36;41.61 
2.492;0.57;0.18;0.64;0.00;-12.17;-32.97;282.77;-282.76;-380.00;0.88;127.73;17.69;41.67 
2.522;0.60;0.20;0.74;6.68;-16.90;-41.25;284.76;-281.80;-382.00;0.97;128.75;17.84;41.97 
2.552;0.50;0.10;0.76;10.09;-27.06;-46.96;279.77;-285.63;-379.00;0.92;130.14;17.92;42.50 

